    -----------------------------------------------------------------------
          PSI4: An Open-Source Ab Initio Electronic Structure Package
                              PSI 4.0 Driver

               Git: Rev {master} 556e8139d3cfa1f96ccffe2cdf22cc56a185d2b2

    J. M. Turney, A. C. Simmonett, R. M. Parrish, E. G. Hohenstein,
    F. A. Evangelista, J. T. Fermann, B. J. Mintz, L. A. Burns, J. J. Wilke,
    M. L. Abrams, N. J. Russ, M. L. Leininger, C. L. Janssen, E. T. Seidl,
    W. D. Allen, H. F. Schaefer, R. A. King, E. F. Valeev, C. D. Sherrill,
    and T. D. Crawford, WIREs Comput. Mol. Sci. 2, 556-565 (2012)
    (doi: 10.1002/wcms.93)

                         Additional Contributions by
    A. E. DePrince, M. Saitow, U. Bozkaya, A. Yu. Sokolov
    -----------------------------------------------------------------------

    Process ID:  57029
    PSI4DATADIR: /Users/kevinhannon/Programs/psi4cmake/psi4/lib
    Memory level set to 256.000 MB

  ==> Input File <==

--------------------------------------------------------------------------

# PYTHONPATH must include directory above plugin directory.
#     Define either externally or here, then import plugin.
sys.path.insert(0, './..')
import dfmp2

molecule {
0 1
H 0.00  0.00 1.2
H 0.00  0.00 0.00
H -4.00 -4.00 -4.00
H -4.00 -4.00 -5.2
}

set {
  basis 6-31g
  df_basis_mp2 cc-pvdz-ri
  freeze_core true
  memory 1gb
}

set dfmp2 {
  print 1
}
energy('scf')
energy('mp2')
energy('dfmp2')

dfmp2.exampleFN()

--------------------------------------------------------------------------

*** tstart() called on Kevins-MacBook-Pro.local
*** at Mon Jan 12 17:41:50 2015

dfmp2.so loaded.

*** tstart() called on Kevins-MacBook-Pro.local
*** at Mon Jan 12 17:41:50 2015


         ---------------------------------------------------------
                                   SCF
            by Justin Turney, Rob Parrish, and Andy Simmonett
                              RHF Reference
                        1 Threads,    256 MiB Core
         ---------------------------------------------------------

  ==> Geometry <==

    Molecular point group: c2h
    Full point group: C2h

    Geometry (in Angstrom), charge = 0, multiplicity = 1:

       Center              X                  Y                   Z       
    ------------   -----------------  -----------------  -----------------
           H          2.828427124746    -3.200000000000     0.000000000000
           H          2.828427124746    -2.000000000000     0.000000000000
           H         -2.828427124746     2.000000000000     0.000000000000
           H         -2.828427124746     3.200000000000     0.000000000000

  Running in c2h symmetry.

  Rotational constants: A =     21.67371  B =      0.28014  C =      0.27657 [cm^-1]
  Rotational constants: A = 649761.39959  B =   8398.42275  C =   8291.25501 [MHz]
  Nuclear repulsion =    1.158033974064691

  Charge       = 0
  Multiplicity = 1
  Electrons    = 4
  Nalpha       = 2
  Nbeta        = 2

  ==> Algorithm <==

  SCF Algorithm Type is DF.
  DIIS enabled.
  MOM disabled.
  Fractional occupation disabled.
  Guess Type is CORE.
  Energy threshold   = 1.00e-06
  Density threshold  = 1.00e-06
  Integral threshold = 0.00e+00

  ==> Primary Basis <==

  Basis Set: 6-31G
    Number of shells: 8
    Number of basis function: 8
    Number of Cartesian functions: 8
    Spherical Harmonics?: false
    Max angular momentum: 0

  ==> Pre-Iterations <==

   -------------------------------------------------------
    Irrep   Nso     Nmo     Nalpha   Nbeta   Ndocc  Nsocc
   -------------------------------------------------------
     Ag         4       4       0       0       0       0
     Bg         0       0       0       0       0       0
     Au         0       0       0       0       0       0
     Bu         4       4       0       0       0       0
   -------------------------------------------------------
    Total       8       8       2       2       2       0
   -------------------------------------------------------

 OEINTS: Overlap, kinetic, potential, dipole, and quadrupole integrals
         stored in file 35.

  ==> Integral Setup <==

  ==> DFJK: Density-Fitted J/K Matrices <==

    J tasked:                  Yes
    K tasked:                  Yes
    wK tasked:                  No
    OpenMP threads:              1
    Integrals threads:           1
    Memory (MB):               183
    Algorithm:                Core
    Integral Cache:           NONE
    Schwarz Cutoff:          1E-12
    Fitting Condition:       1E-12

   => Auxiliary Basis Set <=

  Basis Set: 
    Number of shells: 36
    Number of basis function: 100
    Number of Cartesian functions: 100
    Spherical Harmonics?: false
    Max angular momentum: 2

  Minimum eigenvalue in the overlap matrix is 1.8352176231E-01.
  Using Symmetric Orthogonalization.
  SCF Guess: Core (One-Electron) Hamiltonian.

  ==> Iterations <==

                           Total Energy        Delta E     RMS |[F,P]|

   @DF-RHF iter   1:    -2.05924881165549   -2.05925e+00   4.45411e-02 
   @DF-RHF iter   2:    -2.11025337890988   -5.10046e-02   7.02363e-03 DIIS
   @DF-RHF iter   3:    -2.11152709733115   -1.27372e-03   7.33699e-05 DIIS
   @DF-RHF iter   4:    -2.11152726996675   -1.72636e-07   1.37396e-05 DIIS
   @DF-RHF iter   5:    -2.11152727685445   -6.88770e-09   2.18446e-08 DIIS

  ==> Post-Iterations <==

    Orbital Energies (a.u.)
    -----------------------

    Doubly Occupied:                                                      

       1Ag    -0.486340     1Bu    -0.486339  

    Virtual:                                                              

       2Ag     0.116741     2Bu     0.116745     3Ag     0.989571  
       3Bu     0.989575     4Ag     1.069765     4Bu     1.069772  

    Final Occupation by Irrep:
             Ag    Bg    Au    Bu 
    DOCC [     1,    0,    0,    1 ]

  Energy converged.

  @DF-RHF Final Energy:    -2.11152727685445

   => Energetics <=

    Nuclear Repulsion Energy =              1.1580339740646908
    One-Electron Energy =                  -4.5937653243132832
    Two-Electron Energy =                   1.3242040733941385
    DFT Exchange-Correlation Energy =       0.0000000000000000
    Empirical Dispersion Energy =           0.0000000000000000
    Total Energy =                         -2.1115272768544537



Properties will be evaluated at   0.000000,   0.000000,   0.000000 Bohr
  ==> Properties <==


Properties computed using the SCF density matrix

  Nuclear Dipole Moment: (a.u.)
     X:     0.0000      Y:     0.0000      Z:     0.0000

  Electronic Dipole Moment: (a.u.)
     X:     0.0000      Y:     0.0000      Z:     0.0000

  Dipole Moment: (a.u.)
     X:     0.0000      Y:     0.0000      Z:     0.0000     Total:     0.0000

  Dipole Moment: (Debye)
     X:     0.0000      Y:     0.0000      Z:     0.0000     Total:     0.0000


  Saving occupied orbitals to File 180.

*** tstop() called on Kevins-MacBook-Pro.local at Mon Jan 12 17:41:50 2015
Module time:
	user time   =       0.23 seconds =       0.00 minutes
	system time =       0.01 seconds =       0.00 minutes
	total time  =          0 seconds =       0.00 minutes
Total time:
	user time   =       0.24 seconds =       0.00 minutes
	system time =       0.01 seconds =       0.00 minutes
	total time  =          0 seconds =       0.00 minutes

*** tstart() called on Kevins-MacBook-Pro.local
*** at Mon Jan 12 17:41:50 2015


         ---------------------------------------------------------
                                   SCF
            by Justin Turney, Rob Parrish, and Andy Simmonett
                              RHF Reference
                        1 Threads,    256 MiB Core
         ---------------------------------------------------------

  ==> Geometry <==

    Molecular point group: c2h
    Full point group: C2h

    Geometry (in Angstrom), charge = 0, multiplicity = 1:

       Center              X                  Y                   Z       
    ------------   -----------------  -----------------  -----------------
           H          2.828427124746    -3.200000000000     0.000000000000
           H          2.828427124746    -2.000000000000     0.000000000000
           H         -2.828427124746     2.000000000000     0.000000000000
           H         -2.828427124746     3.200000000000     0.000000000000

  Running in c2h symmetry.

  Rotational constants: A =     21.67371  B =      0.28014  C =      0.27657 [cm^-1]
  Rotational constants: A = 649761.39959  B =   8398.42275  C =   8291.25501 [MHz]
  Nuclear repulsion =    1.158033974064691

  Charge       = 0
  Multiplicity = 1
  Electrons    = 4
  Nalpha       = 2
  Nbeta        = 2

  ==> Algorithm <==

  SCF Algorithm Type is DF.
  DIIS enabled.
  MOM disabled.
  Fractional occupation disabled.
  Guess Type is CORE.
  Energy threshold   = 1.00e-08
  Density threshold  = 1.00e-08
  Integral threshold = 0.00e+00

  ==> Primary Basis <==

  Basis Set: 6-31G
    Number of shells: 8
    Number of basis function: 8
    Number of Cartesian functions: 8
    Spherical Harmonics?: false
    Max angular momentum: 0

  ==> Pre-Iterations <==

   -------------------------------------------------------
    Irrep   Nso     Nmo     Nalpha   Nbeta   Ndocc  Nsocc
   -------------------------------------------------------
     Ag         4       4       0       0       0       0
     Bg         0       0       0       0       0       0
     Au         0       0       0       0       0       0
     Bu         4       4       0       0       0       0
   -------------------------------------------------------
    Total       8       8       2       2       2       0
   -------------------------------------------------------

 OEINTS: Overlap, kinetic, potential, dipole, and quadrupole integrals
         stored in file 35.

  ==> Integral Setup <==

  ==> DFJK: Density-Fitted J/K Matrices <==

    J tasked:                  Yes
    K tasked:                  Yes
    wK tasked:                  No
    OpenMP threads:              1
    Integrals threads:           1
    Memory (MB):               183
    Algorithm:                Core
    Integral Cache:           NONE
    Schwarz Cutoff:          1E-12
    Fitting Condition:       1E-12

   => Auxiliary Basis Set <=

  Basis Set: 
    Number of shells: 36
    Number of basis function: 100
    Number of Cartesian functions: 100
    Spherical Harmonics?: false
    Max angular momentum: 2

  Minimum eigenvalue in the overlap matrix is 1.8352176231E-01.
  Using Symmetric Orthogonalization.
  SCF Guess: Core (One-Electron) Hamiltonian.

  ==> Iterations <==

                           Total Energy        Delta E     RMS |[F,P]|

   @DF-RHF iter   1:    -2.05924881165549   -2.05925e+00   4.45411e-02 
   @DF-RHF iter   2:    -2.11025337890988   -5.10046e-02   7.02363e-03 DIIS
   @DF-RHF iter   3:    -2.11152709733115   -1.27372e-03   7.33699e-05 DIIS
   @DF-RHF iter   4:    -2.11152726996675   -1.72636e-07   1.37396e-05 DIIS
   @DF-RHF iter   5:    -2.11152727685445   -6.88770e-09   2.18446e-08 DIIS
   @DF-RHF iter   6:    -2.11152727685447   -1.50990e-14   4.31629e-10 DIIS

  ==> Post-Iterations <==

    Orbital Energies (a.u.)
    -----------------------

    Doubly Occupied:                                                      

       1Ag    -0.486340     1Bu    -0.486339  

    Virtual:                                                              

       2Ag     0.116741     2Bu     0.116745     3Ag     0.989571  
       3Bu     0.989575     4Ag     1.069765     4Bu     1.069772  

    Final Occupation by Irrep:
             Ag    Bg    Au    Bu 
    DOCC [     1,    0,    0,    1 ]

  Energy converged.

  @DF-RHF Final Energy:    -2.11152727685447

   => Energetics <=

    Nuclear Repulsion Energy =              1.1580339740646908
    One-Electron Energy =                  -4.5937653197492416
    Two-Electron Energy =                   1.3242040688300813
    DFT Exchange-Correlation Energy =       0.0000000000000000
    Empirical Dispersion Energy =           0.0000000000000000
    Total Energy =                         -2.1115272768544697



Properties will be evaluated at   0.000000,   0.000000,   0.000000 Bohr
  ==> Properties <==


Properties computed using the SCF density matrix

  Nuclear Dipole Moment: (a.u.)
     X:     0.0000      Y:     0.0000      Z:     0.0000

  Electronic Dipole Moment: (a.u.)
     X:     0.0000      Y:     0.0000      Z:     0.0000

  Dipole Moment: (a.u.)
     X:     0.0000      Y:     0.0000      Z:     0.0000     Total:     0.0000

  Dipole Moment: (Debye)
     X:     0.0000      Y:     0.0000      Z:     0.0000     Total:     0.0000


  Saving occupied orbitals to File 180.

*** tstop() called on Kevins-MacBook-Pro.local at Mon Jan 12 17:41:51 2015
Module time:
	user time   =       0.21 seconds =       0.00 minutes
	system time =       0.01 seconds =       0.00 minutes
	total time  =          1 seconds =       0.02 minutes
Total time:
	user time   =       0.45 seconds =       0.01 minutes
	system time =       0.02 seconds =       0.00 minutes
	total time  =          1 seconds =       0.02 minutes

  //>>>>>>>>>>>>>>>>>>>>>>>>>>>>>>>>>>>//
  //               DFMP2               //
  //<<<<<<<<<<<<<<<<<<<<<<<<<<<<<<<<<<<//


*** tstart() called on Kevins-MacBook-Pro.local
*** at Mon Jan 12 17:41:51 2015

	 --------------------------------------------------------
	                          DF-MP2                         
	      2nd-Order Density-Fitted Moller-Plesset Theory     
	              RMP2 Wavefunction,   1 Threads             
	                                                         
	        Rob Parrish, Justin Turney, Andy Simmonett,      
	           Ed Hohenstein, and C. David Sherrill          
	 --------------------------------------------------------

   => Auxiliary Basis Set <=

  Basis Set: CC-PVDZ-RI
    Number of shells: 24
    Number of basis function: 56
    Number of Cartesian functions: 60
    Spherical Harmonics?: true
    Max angular momentum: 2

	 --------------------------------------------------------
	                 NBF =     8, NAUX =    56
	 --------------------------------------------------------
	   CLASS    FOCC     OCC    AOCC    AVIR     VIR    FVIR
	   PAIRS       0       2       2       6       6       0
	 --------------------------------------------------------

	----------------------------------------------------------
	 ==================> DF-MP2 Energies <=================== 
	----------------------------------------------------------
	 Reference Energy          =      -2.1115272768544697 [H]
	 Singles Energy            =      -0.0000000000000000 [H]
	 Same-Spin Energy          =      -0.0000000769299728 [H]
	 Opposite-Spin Energy      =      -0.0467738136413811 [H]
	 Correlation Energy        =      -0.0467738905713539 [H]
	 Total Energy              =      -2.1583011674258237 [H]
	----------------------------------------------------------
	 ================> DF-SCS-MP2 Energies <================= 
	----------------------------------------------------------
	 SCS Same-Spin Scale       =       0.3333333333333333 [-]
	 SCS Opposite-Spin Scale   =       1.2000000000000000 [-]
	 SCS Same-Spin Energy      =      -0.0000000256433243 [H]
	 SCS Opposite-Spin Energy  =      -0.0561285763696573 [H]
	 SCS Correlation Energy    =      -0.0561286020129816 [H]
	 SCS Total Energy          =      -2.1676558788674511 [H]
	----------------------------------------------------------


*** tstop() called on Kevins-MacBook-Pro.local at Mon Jan 12 17:41:51 2015
Module time:
	user time   =       0.10 seconds =       0.00 minutes
	system time =       0.00 seconds =       0.00 minutes
	total time  =          0 seconds =       0.00 minutes
Total time:
	user time   =       0.55 seconds =       0.01 minutes
	system time =       0.02 seconds =       0.00 minutes
	total time  =          1 seconds =       0.02 minutes

*** tstart() called on Kevins-MacBook-Pro.local
*** at Mon Jan 12 17:41:51 2015


         ---------------------------------------------------------
                                   SCF
            by Justin Turney, Rob Parrish, and Andy Simmonett
                              RHF Reference
                        1 Threads,    256 MiB Core
         ---------------------------------------------------------

  ==> Geometry <==

    Molecular point group: c2h
    Full point group: C2h

    Geometry (in Angstrom), charge = 0, multiplicity = 1:

       Center              X                  Y                   Z       
    ------------   -----------------  -----------------  -----------------
           H          2.828427124746    -3.200000000000     0.000000000000
           H          2.828427124746    -2.000000000000     0.000000000000
           H         -2.828427124746     2.000000000000     0.000000000000
           H         -2.828427124746     3.200000000000     0.000000000000

  Running in c2h symmetry.

  Rotational constants: A =     21.67371  B =      0.28014  C =      0.27657 [cm^-1]
  Rotational constants: A = 649761.39959  B =   8398.42275  C =   8291.25501 [MHz]
  Nuclear repulsion =    1.158033974064691

  Charge       = 0
  Multiplicity = 1
  Electrons    = 4
  Nalpha       = 2
  Nbeta        = 2

  ==> Algorithm <==

  SCF Algorithm Type is PK.
  DIIS enabled.
  MOM disabled.
  Fractional occupation disabled.
  Guess Type is CORE.
  Energy threshold   = 1.00e-08
  Density threshold  = 1.00e-08
  Integral threshold = 0.00e+00

  ==> Primary Basis <==

  Basis Set: 6-31G
    Number of shells: 8
    Number of basis function: 8
    Number of Cartesian functions: 8
    Spherical Harmonics?: false
    Max angular momentum: 0

  ==> Pre-Iterations <==

   -------------------------------------------------------
    Irrep   Nso     Nmo     Nalpha   Nbeta   Ndocc  Nsocc
   -------------------------------------------------------
     Ag         4       4       0       0       0       0
     Bg         0       0       0       0       0       0
     Au         0       0       0       0       0       0
     Bu         4       4       0       0       0       0
   -------------------------------------------------------
    Total       8       8       2       2       2       0
   -------------------------------------------------------

  Starting with a DF guess...

 OEINTS: Overlap, kinetic, potential, dipole, and quadrupole integrals
         stored in file 35.

  ==> Integral Setup <==

  ==> DFJK: Density-Fitted J/K Matrices <==

    J tasked:                  Yes
    K tasked:                  Yes
    wK tasked:                  No
    OpenMP threads:              1
    Integrals threads:           1
    Memory (MB):               183
    Algorithm:                Core
    Integral Cache:           NONE
    Schwarz Cutoff:          1E-12
    Fitting Condition:       1E-12

   => Auxiliary Basis Set <=

  Basis Set: 
    Number of shells: 36
    Number of basis function: 100
    Number of Cartesian functions: 100
    Spherical Harmonics?: false
    Max angular momentum: 2

  Minimum eigenvalue in the overlap matrix is 1.8352176231E-01.
  Using Symmetric Orthogonalization.
  SCF Guess: Core (One-Electron) Hamiltonian.

  ==> Iterations <==

                           Total Energy        Delta E     RMS |[F,P]|

   @DF-RHF iter   1:    -2.05924881165549   -2.05925e+00   4.45411e-02 
   @DF-RHF iter   2:    -2.11025337890988   -5.10046e-02   7.02363e-03 DIIS
   @DF-RHF iter   3:    -2.11152709733115   -1.27372e-03   7.33699e-05 DIIS
   @DF-RHF iter   4:    -2.11152726996675   -1.72636e-07   1.37396e-05 DIIS
   @DF-RHF iter   5:    -2.11152727685445   -6.88770e-09   2.18446e-08 DIIS
   @DF-RHF iter   6:    -2.11152727685447   -1.59872e-14   4.31629e-10 DIIS

  DF guess converged.

  ==> Integral Setup <==

 MINTS: Wrapper to libmints.
   by Justin Turney

   Calculation information:
      Number of atoms:                   4
      Number of AO shells:               8
      Number of SO shells:               4
      Number of primitives:             16
      Number of atomic orbitals:         8
      Number of basis functions:         8

      Number of irreps:                  4
      Integral cutoff                 0.00e+00
      Number of functions per irrep: [   4    0    0    4 ]

 OEINTS: Overlap, kinetic, potential, dipole, and quadrupole integrals
         stored in file 35.

      Computing two-electron integrals...done
      Computed 346 non-zero two-electron integrals.
        Stored in file 33.

	Batch   1 pq = [       0,      20] index = [             0,210]
  ==> DiskJK: Disk-Based J/K Matrices <==

    J tasked:                  Yes
    K tasked:                  Yes
    wK tasked:                  No
    Memory (MB):               183
    Schwarz Cutoff:          1E-12

   @RHF iter   7:    -2.11152059335341    6.68350e-06   9.40042e-07 DIIS
   @RHF iter   8:    -2.11152059337560   -2.21867e-11   1.48482e-07 DIIS
   @RHF iter   9:    -2.11152059337617   -5.69322e-13   2.84050e-10 DIIS

  ==> Post-Iterations <==

    Orbital Energies (a.u.)
    -----------------------

    Doubly Occupied:                                                      

       1Ag    -0.486336     1Bu    -0.486335  

    Virtual:                                                              

       2Ag     0.116711     2Bu     0.116715     3Ag     0.989600  
       3Bu     0.989603     4Ag     1.069700     4Bu     1.069707  

    Final Occupation by Irrep:
             Ag    Bg    Au    Bu 
    DOCC [     1,    0,    0,    1 ]

  Energy converged.

  @RHF Final Energy:    -2.11152059337617

   => Energetics <=

    Nuclear Repulsion Energy =              1.1580339740646908
    One-Electron Energy =                  -4.5937672717782210
    Two-Electron Energy =                   1.3242127043373602
    DFT Exchange-Correlation Energy =       0.0000000000000000
    Empirical Dispersion Energy =           0.0000000000000000
    Total Energy =                         -2.1115205933761700



Properties will be evaluated at   0.000000,   0.000000,   0.000000 Bohr
  ==> Properties <==


Properties computed using the SCF density matrix

  Nuclear Dipole Moment: (a.u.)
     X:     0.0000      Y:     0.0000      Z:     0.0000

  Electronic Dipole Moment: (a.u.)
     X:     0.0000      Y:     0.0000      Z:     0.0000

  Dipole Moment: (a.u.)
     X:     0.0000      Y:     0.0000      Z:     0.0000     Total:     0.0000

  Dipole Moment: (Debye)
     X:     0.0000      Y:     0.0000      Z:     0.0000     Total:     0.0000


  Saving occupied orbitals to File 180.

*** tstop() called on Kevins-MacBook-Pro.local at Mon Jan 12 17:41:51 2015
Module time:
	user time   =       0.28 seconds =       0.00 minutes
	system time =       0.01 seconds =       0.00 minutes
	total time  =          0 seconds =       0.00 minutes
Total time:
	user time   =       0.84 seconds =       0.01 minutes
	system time =       0.03 seconds =       0.00 minutes
	total time  =          1 seconds =       0.02 minutes
Reading options from the DFMP2 block
Calling plugin dfmp2.so.

naux = 56  nbf = 8  ## C AO ACTIVE_VIR (Symmetry 0) ##
  Irrep: 1 Size: 8 x 6

                 1                   2                   3                   4                   5

    1     0.13605483620987     0.13605521463185     0.64691821313095     0.64695777491900     0.66283850017022
    2     0.71106383464258     0.71106173094429    -0.49400113380187    -0.49404538442136    -0.80390527306021
    3    -0.13607393996558    -0.13607980539411     0.64688315812077     0.64684381574165    -0.66286957541064
    4    -0.71107349675761    -0.71106964225765    -0.49396816460389    -0.49392507261356     0.80393045887193
    5    -0.13607393996558     0.13607980539411     0.64688315812077    -0.64684381574165    -0.66286957541064
    6    -0.71107349675761     0.71106964225765    -0.49396816460389     0.49392507261356     0.80393045887193
    7     0.13605483620987    -0.13605521463185     0.64691821313095    -0.64695777491900     0.66283850017022
    8     0.71106383464258    -0.71106173094429    -0.49400113380187     0.49404538442136    -0.80390527306021

                 6

    1     0.66279981775528
    2    -0.80388075633787
    3    -0.66290801724893
    4     0.80396625644517
    5     0.66290801724893
    6    -0.80396625644517
    7    -0.66279981775528
    8     0.80388075633787



    Molecular point group: c2h
    Full point group: C2h

    Geometry (in Angstrom), charge = 0, multiplicity = 1:

       Center              X                  Y                   Z       
    ------------   -----------------  -----------------  -----------------
           H          2.828427124746    -3.200000000000     0.000000000000
           H          2.828427124746    -2.000000000000     0.000000000000
           H         -2.828427124746     2.000000000000     0.000000000000
           H         -2.828427124746     3.200000000000     0.000000000000


    Nuclear repulsion energy:       1.15803397

  ==> DF Tensor (by Rob Parrish) <==

 => Primary Basis Set <= 

  Basis Set: 6-31G
    Number of shells: 8
    Number of basis function: 8
    Number of Cartesian functions: 8
    Spherical Harmonics?: false
    Max angular momentum: 0

 => Auxiliary Basis Set <= 

  Basis Set: CC-PVDZ-RI
    Number of shells: 24
    Number of basis function: 56
    Number of Cartesian functions: 60
    Spherical Harmonics?: true
    Max angular momentum: 2

  ## MO ERI Tensor in Mathematica form ##
{{{1.186258928313, 0.000006839854, 0.228469597754, 0.000004361518, 0.000006839854, 1.016792884271, 0.000009509435, 0.255876167270, 0.228469597754, 0.000009509435, 1.111434768920, 0.000022349259, 0.000004361518, 0.255876167270, 0.000022349259, 1.175901975087},
{0.000006839854, 0.245532267102, 0.000007580619, 0.154959574212, 0.245532267102, -0.000020023888, 0.065503449411, -0.000014629348, 0.000007580619, 0.065503449411, 0.000024323986, 0.277121706905, 0.154959574212, -0.000014629348, 0.277121706905, -0.000037215777},
{0.228469597754, 0.000007580619, 0.169095557966, 0.000010420619, 0.000007580619, 0.153291551553, 0.000012610679, 0.160767597767, 0.169095557966, 0.000012610679, 0.235147297974, 0.000023526804, 0.000010420619, 0.160767597767, 0.000023526804, 0.299475140966},
{0.000004361518, 0.154959574212, 0.000010420619, 0.189424963046, 0.154959574212, -0.000014989532, 0.122378691584, -0.000017582524, 0.000010420619, 0.122378691584, 0.000023178277, 0.240290645321, 0.189424963046, -0.000017582524, 0.240290645321, -0.000032255916},
{0.000006839854, 0.245532267102, 0.000007580619, 0.154959574212, 0.245532267102, -0.000020023888, 0.065503449411, -0.000014629348, 0.000007580619, 0.065503449411, 0.000024323986, 0.277121706905, 0.154959574212, -0.000014629348, 0.277121706905, -0.000037215777},
{1.016792884271, -0.000020023888, 0.153291551553, -0.000014989532, -0.000020023888, 0.957711616589, -0.000001644695, 0.162703595841, 0.153291551553, -0.000001644695, 0.970924424669, -0.000014607982, -0.000014989532, 0.162703595841, -0.000014607982, 1.029479585189},
{0.000009509435, 0.065503449411, 0.000012610679, 0.122378691584, 0.065503449411, -0.000001644695, 0.093871603272, -0.000006187000, 0.000012610679, 0.093871603272, 0.000021014672, 0.128673123184, 0.122378691584, -0.000006187000, 0.128673123184, -0.000007300957},
{0.255876167270, -0.000014629348, 0.160767597767, -0.000017582524, -0.000014629348, 0.162703595841, -0.000006187000, 0.172727434422, 0.160767597767, -0.000006187000, 0.255178435840, -0.000012420965, -0.000017582524, 0.172727434422, -0.000012420965, 0.304773444098},
{0.228469597754, 0.000007580619, 0.169095557966, 0.000010420619, 0.000007580619, 0.153291551553, 0.000012610679, 0.160767597767, 0.169095557966, 0.000012610679, 0.235147297974, 0.000023526804, 0.000010420619, 0.160767597767, 0.000023526804, 0.299475140966},
{0.000009509435, 0.065503449411, 0.000012610679, 0.122378691584, 0.065503449411, -0.000001644695, 0.093871603272, -0.000006187000, 0.000012610679, 0.093871603272, 0.000021014672, 0.128673123184, 0.122378691584, -0.000006187000, 0.128673123184, -0.000007300957},
{1.111434768920, 0.000024323986, 0.235147297974, 0.000023178277, 0.000024323986, 0.970924424669, 0.000021014672, 0.255178435840, 0.235147297974, 0.000021014672, 1.102748783585, 0.000051098540, 0.000023178277, 0.255178435840, 0.000051098540, 1.171887530969},
{0.000022349259, 0.277121706905, 0.000023526804, 0.240290645321, 0.277121706905, -0.000014607982, 0.128673123184, -0.000012420965, 0.000023526804, 0.128673123184, 0.000051098540, 0.390746588215, 0.240290645321, -0.000012420965, 0.390746588215, -0.000032351431},
{0.000004361518, 0.154959574212, 0.000010420619, 0.189424963046, 0.154959574212, -0.000014989532, 0.122378691584, -0.000017582524, 0.000010420619, 0.122378691584, 0.000023178277, 0.240290645321, 0.189424963046, -0.000017582524, 0.240290645321, -0.000032255916},
{0.255876167270, -0.000014629348, 0.160767597767, -0.000017582524, -0.000014629348, 0.162703595841, -0.000006187000, 0.172727434422, 0.160767597767, -0.000006187000, 0.255178435840, -0.000012420965, -0.000017582524, 0.172727434422, -0.000012420965, 0.304773444098},
{0.000022349259, 0.277121706905, 0.000023526804, 0.240290645321, 0.277121706905, -0.000014607982, 0.128673123184, -0.000012420965, 0.000023526804, 0.128673123184, 0.000051098540, 0.390746588215, 0.240290645321, -0.000012420965, 0.390746588215, -0.000032351431},
{1.175901975087, -0.000037215777, 0.299475140966, -0.000032255916, -0.000037215777, 1.029479585189, -0.000007300957, 0.304773444098, 0.299475140966, -0.000007300957, 1.171887530969, -0.000032351431, -0.000032255916, 0.304773444098, -0.000032351431, 1.278574816375}}}
  ## AO ERI Tensor in Mathematica form ##
{{{1.076566111405, 0.578470375451, 0.108955414033, 0.283185569871, 0.000000000000, 0.000000000000, 0.000000000000, 0.000000000000, 0.578470375451, 0.587395893691, 0.171966559832, 0.347173522539, 0.000000000000, 0.000000005693, 0.000000000000, 0.000000000093, 0.108955414033, 0.171966559832, 0.438656142867, 0.285307213648, 0.000000000000, 0.000000000035, 0.000000000000, 0.000000000000, 0.283185569871, 0.347173522539, 0.285307213648, 0.398823087589, 0.000000000013, 0.000000123054, 0.000000000000, 0.000000004618, 0.000000000000, 0.000000000000, 0.000000000000, 0.000000000013, 0.068869662809, 0.045336351468, 0.009541250164, 0.022619763692, 0.000000000000, 0.000000005693, 0.000000000035, 0.000000123054, 0.045336351468, 0.068869662809, 0.021164827082, 0.043144658561, 0.000000000000, 0.000000000000, 0.000000000000, 0.000000000000, 0.009541250164, 0.021164827082, 0.061952483172, 0.040782827109, 0.000000000000, 0.000000000093, 0.000000000000, 0.000000004618, 0.022619763692, 0.043144658561, 0.040782827109, 0.061952483172},
{0.578470375451, 0.329423212228, 0.064735881982, 0.162706461628, 0.000000000000, 0.000000000000, 0.000000000000, 0.000000000000, 0.329423212228, 0.361303849541, 0.108974956192, 0.216436856522, 0.000000000000, 0.000000003748, 0.000000000000, 0.000000000061, 0.064735881982, 0.108974956192, 0.285307213648, 0.184318021754, 0.000000000000, 0.000000000023, 0.000000000000, 0.000000000000, 0.162706461628, 0.216436856522, 0.184318021754, 0.255616972632, 0.000000000008, 0.000000081005, 0.000000000000, 0.000000003040, 0.000000000000, 0.000000000000, 0.000000000000, 0.000000000008, 0.045336351468, 0.029844559717, 0.006280929124, 0.014890410596, 0.000000000000, 0.000000003748, 0.000000000023, 0.000000081005, 0.029844559717, 0.045336351468, 0.013932637394, 0.028401785702, 0.000000000000, 0.000000000000, 0.000000000000, 0.000000000000, 0.006280929124, 0.013932637394, 0.040782827109, 0.026847010836, 0.000000000000, 0.000000000061, 0.000000000000, 0.000000003040, 0.014890410596, 0.028401785702, 0.026847010836, 0.040782827109},
{0.108955414033, 0.064735881982, 0.019489581845, 0.036724098924, 0.000000000000, 0.000000000000, 0.000000000000, 0.000000000000, 0.064735881982, 0.075536255960, 0.036724098924, 0.055388621215, 0.000000000000, 0.000000000922, 0.000000000000, 0.000000000015, 0.019489581845, 0.036724098924, 0.108955414033, 0.064735881982, 0.000000000000, 0.000000000006, 0.000000000000, 0.000000000000, 0.036724098924, 0.055388621215, 0.064735881982, 0.075536255960, 0.000000000002, 0.000000019986, 0.000000000000, 0.000000000748, 0.000000000000, 0.000000000000, 0.000000000000, 0.000000000002, 0.010601779436, 0.006979067112, 0.001469568167, 0.003483103876, 0.000000000000, 0.000000000922, 0.000000000006, 0.000000019986, 0.006979067112, 0.010601779436, 0.003259909152, 0.006645368877, 0.000000000000, 0.000000000000, 0.000000000000, 0.000000000000, 0.001469568167, 0.003259909152, 0.009541250164, 0.006280929124, 0.000000000000, 0.000000000015, 0.000000000000, 0.000000000748, 0.003483103876, 0.006645368877, 0.006280929124, 0.009541250164},
{0.283185569871, 0.162706461628, 0.036724098924, 0.084277788387, 0.000000000000, 0.000000000000, 0.000000000000, 0.000000000000, 0.162706461628, 0.180987958013, 0.063787946047, 0.116346429809, 0.000000000000, 0.000000001983, 0.000000000000, 0.000000000032, 0.036724098924, 0.063787946047, 0.171966559832, 0.108974956192, 0.000000000000, 0.000000000013, 0.000000000000, 0.000000000000, 0.084277788387, 0.116346429809, 0.108974956192, 0.143964299793, 0.000000000004, 0.000000042877, 0.000000000000, 0.000000001607, 0.000000000000, 0.000000000000, 0.000000000000, 0.000000000004, 0.023527801188, 0.015488164460, 0.003259909152, 0.007728096052, 0.000000000000, 0.000000001983, 0.000000000013, 0.000000042877, 0.015488164460, 0.023527801188, 0.007230980434, 0.014741093757, 0.000000000000, 0.000000000000, 0.000000000000, 0.000000000000, 0.003259909152, 0.007230980434, 0.021164827082, 0.013932637394, 0.000000000000, 0.000000000032, 0.000000000000, 0.000000001607, 0.007728096052, 0.014741093757, 0.013932637394, 0.021164827082},
{0.000000000000, 0.000000000000, 0.000000000000, 0.000000000000, 0.000000000000, 0.000000000000, 0.000000000000, 0.000000000000, 0.000000000000, 0.000000000000, 0.000000000000, 0.000000000000, 0.000000000000, 0.000000000000, 0.000000000000, 0.000000000000, 0.000000000000, 0.000000000000, 0.000000000000, 0.000000000000, 0.000000000000, 0.000000000000, 0.000000000000, 0.000000000000, 0.000000000000, 0.000000000000, 0.000000000000, 0.000000000000, 0.000000000000, 0.000000000000, 0.000000000000, 0.000000000000, 0.000000000000, 0.000000000000, 0.000000000000, 0.000000000000, 0.000000000000, 0.000000000000, 0.000000000000, 0.000000000000, 0.000000000000, 0.000000000000, 0.000000000000, 0.000000000000, 0.000000000000, 0.000000000000, 0.000000000000, 0.000000000000, 0.000000000000, 0.000000000000, 0.000000000000, 0.000000000000, 0.000000000000, 0.000000000000, 0.000000000000, 0.000000000000, 0.000000000000, 0.000000000000, 0.000000000000, 0.000000000000, 0.000000000000, 0.000000000000, 0.000000000000, 0.000000000000},
{0.000000000000, 0.000000000000, 0.000000000000, 0.000000000000, 0.000000000000, 0.000000000000, 0.000000000000, 0.000000000000, 0.000000000000, 0.000000000000, 0.000000000000, 0.000000000000, 0.000000000000, 0.000000000000, 0.000000000000, 0.000000000000, 0.000000000000, 0.000000000000, 0.000000000000, 0.000000000000, 0.000000000000, 0.000000000000, 0.000000000000, 0.000000000000, 0.000000000000, 0.000000000000, 0.000000000000, 0.000000000000, 0.000000000000, 0.000000000000, 0.000000000000, 0.000000000000, 0.000000000000, 0.000000000000, 0.000000000000, 0.000000000000, 0.000000000000, 0.000000000000, 0.000000000000, 0.000000000000, 0.000000000000, 0.000000000000, 0.000000000000, 0.000000000000, 0.000000000000, 0.000000000000, 0.000000000000, 0.000000000000, 0.000000000000, 0.000000000000, 0.000000000000, 0.000000000000, 0.000000000000, 0.000000000000, 0.000000000000, 0.000000000000, 0.000000000000, 0.000000000000, 0.000000000000, 0.000000000000, 0.000000000000, 0.000000000000, 0.000000000000, 0.000000000000},
{0.000000000000, 0.000000000000, 0.000000000000, 0.000000000000, 0.000000000000, 0.000000000000, 0.000000000000, 0.000000000000, 0.000000000000, 0.000000000000, 0.000000000000, 0.000000000000, 0.000000000000, 0.000000000000, 0.000000000000, 0.000000000000, 0.000000000000, 0.000000000000, 0.000000000000, 0.000000000000, 0.000000000000, 0.000000000000, 0.000000000000, 0.000000000000, 0.000000000000, 0.000000000000, 0.000000000000, 0.000000000000, 0.000000000000, 0.000000000000, 0.000000000000, 0.000000000000, 0.000000000000, 0.000000000000, 0.000000000000, 0.000000000000, 0.000000000000, 0.000000000000, 0.000000000000, 0.000000000000, 0.000000000000, 0.000000000000, 0.000000000000, 0.000000000000, 0.000000000000, 0.000000000000, 0.000000000000, 0.000000000000, 0.000000000000, 0.000000000000, 0.000000000000, 0.000000000000, 0.000000000000, 0.000000000000, 0.000000000000, 0.000000000000, 0.000000000000, 0.000000000000, 0.000000000000, 0.000000000000, 0.000000000000, 0.000000000000, 0.000000000000, 0.000000000000},
{0.000000000000, 0.000000000000, 0.000000000000, 0.000000000000, 0.000000000000, 0.000000000000, 0.000000000000, 0.000000000000, 0.000000000000, 0.000000000000, 0.000000000000, 0.000000000000, 0.000000000000, 0.000000000000, 0.000000000000, 0.000000000000, 0.000000000000, 0.000000000000, 0.000000000000, 0.000000000000, 0.000000000000, 0.000000000000, 0.000000000000, 0.000000000000, 0.000000000000, 0.000000000000, 0.000000000000, 0.000000000000, 0.000000000000, 0.000000000000, 0.000000000000, 0.000000000000, 0.000000000000, 0.000000000000, 0.000000000000, 0.000000000000, 0.000000000000, 0.000000000000, 0.000000000000, 0.000000000000, 0.000000000000, 0.000000000000, 0.000000000000, 0.000000000000, 0.000000000000, 0.000000000000, 0.000000000000, 0.000000000000, 0.000000000000, 0.000000000000, 0.000000000000, 0.000000000000, 0.000000000000, 0.000000000000, 0.000000000000, 0.000000000000, 0.000000000000, 0.000000000000, 0.000000000000, 0.000000000000, 0.000000000000, 0.000000000000, 0.000000000000, 0.000000000000},
{0.578470375451, 0.329423212228, 0.064735881982, 0.162706461628, 0.000000000000, 0.000000000000, 0.000000000000, 0.000000000000, 0.329423212228, 0.361303849541, 0.108974956192, 0.216436856522, 0.000000000000, 0.000000003748, 0.000000000000, 0.000000000061, 0.064735881982, 0.108974956192, 0.285307213648, 0.184318021754, 0.000000000000, 0.000000000023, 0.000000000000, 0.000000000000, 0.162706461628, 0.216436856522, 0.184318021754, 0.255616972632, 0.000000000008, 0.000000081005, 0.000000000000, 0.000000003040, 0.000000000000, 0.000000000000, 0.000000000000, 0.000000000008, 0.045336351468, 0.029844559717, 0.006280929124, 0.014890410596, 0.000000000000, 0.000000003748, 0.000000000023, 0.000000081005, 0.029844559717, 0.045336351468, 0.013932637394, 0.028401785702, 0.000000000000, 0.000000000000, 0.000000000000, 0.000000000000, 0.006280929124, 0.013932637394, 0.040782827109, 0.026847010836, 0.000000000000, 0.000000000061, 0.000000000000, 0.000000003040, 0.014890410596, 0.028401785702, 0.026847010836, 0.040782827109},
